5.817018531114723	3.5823545608899683	10.558253352919083	2.2781481244654573	
4.645739909444476	3.379107513579334	8.736962875581442	2.222659554597208	
4.4671175754456955	7.095544547248847	12.04663338311488	-2.608557669705148	
6.008474009030263	5.2969516863468895	12.491974255321587	1.1566905750520302	
5.04299075146462	2.039045695685899	7.7815725377580724	3.575074964870776	
9.41469966154741	2.72794785336668	12.197324035107588	7.541385726675918	
1.9099496901773936	5.216780201758923	7.747739337673583	-2.4125470399378686	
5.779088481202395	2.119538973245389	9.868584361219286	4.003463267266913	
9.92401640979008	4.156877987622263	15.169662790070594	6.283020996250037	
4.510432623619897	3.3699257844546238	8.24315572095644	1.5925123930787537	
1.0380032190489294	7.247240393467432	8.346776910642523	-5.960449394773605	
4.70735548209205	4.206489711358593	9.854112237406838	0.964508136140401	
3.2597041497509376	5.456433354844483	8.724856676166684	-1.6966535322688387	
9.333087475166883	2.0362628684537722	12.889266263745888	8.269182727473401	
6.778605554058316	2.7883430832921094	11.363997983827094	4.174250813705928	
7.310710755825285	7.166881275964839	15.120603387389465	0.16312715937556743	
8.327520048906138	4.11903533668334	14.21330003846443	4.952315538261204	
3.730283813877289	4.7964578693276945	10.439249075935459	-0.6294960780962119	
5.0955512419708375	6.564253397778544	12.852404628973444	-1.4319798450821541	
9.609249600661354	2.670816020162697	13.781122970247289	7.213239699538883	
3.7587955002008395	6.025994193363724	11.61005109503147	-2.1820908967757546	
3.8975317774310567	2.8065167985076442	7.478431692857197	1.5325759335261506	
4.445186653106795	2.0665977171692944	8.219799932910494	3.327525057094787	
8.668728684427913	7.178120649210128	16.32216253238783	2.4238522794610797	
2.6998899588679084	3.758790217127421	8.423085011297516	-0.8364894411217195	
6.688809833190398	6.7681203332310025	14.870732649614295	0.20639721482932105	
9.767651694838463	4.660115460796982	16.179746652971744	6.016756145420314	
8.803720026397805	6.877981470520653	16.789947202816737	2.050400751564633	
3.7585106334557468	4.560194315996763	9.39620560541737	-0.12153261946479221	
4.837299193505075	5.0987293680626475	10.25942602248407	0.6826451027581367	
5.513277698078295	7.149248525097877	14.331431787897637	-0.8689726789762021	
1.9409232476328686	7.839519050891743	11.730653387858817	-5.4070323970685115	
7.235188651595914	2.2563263619174903	10.090863360270005	5.975527843931658	
5.586272509698848	4.8126266879425055	11.571808337462528	1.1633308071353143	
6.204140605040477	2.805668508356407	10.86843723558187	4.1178487016663095	
7.642633474641038	2.3732986599832606	10.384529879827157	6.141375409390031	
2.1399105605716917	4.139650364507645	7.8468784829455736	-1.364847691354616	
3.2301409351057897	2.112897310857835	6.0277754231909295	1.8803301755735071	
8.03077207342959	4.85674024696566	13.916416470606386	3.9446773282216956	
6.290365768064632	4.603779495179338	11.633927244869565	1.76715433755755	
9.49390710728913	7.812907945627465	17.622071611972974	1.7966998682199193	
9.065656003229583	5.694346293146196	16.15230401520973	4.26078814871501	
7.98402588190262	5.434924658337257	14.999679156364284	3.2135401831278996	
3.9286354729028146	2.252700854990885	6.205232591716394	1.962384767721796	
6.416597621269948	2.993988728962286	11.210799989267866	4.296489890160338	
8.253268533848178	7.757353058655946	16.29183901306013	1.1394000052406057	
5.022099703859528	2.988117090664506	9.136678334803216	2.8225332460987937	
8.268894959654798	7.633405842144004	17.62471016091405	1.1254150375616572	
5.4976910064946525	7.281738225763736	14.341399953617916	-1.4472610773627261	
1.0886432930145762	7.732664352827986	9.134588215625456	-5.982434224334591	
5.7727152670475075	5.150925068741897	12.064408545890064	1.1741958569396171	
1.353626957549479	6.856102283429919	9.428249038395764	-4.90654515685126	
5.954442470377975	6.882704423743288	14.152536433708063	-0.20262914806566867	
7.184330681002988	7.717124167669877	16.734723126552684	0.3694212819910888	
3.2704524062788654	4.076882172486648	9.091706062760121	-0.0692409407372988	
3.380593205812203	2.2440618944965554	7.125016302107854	1.7220420322533423	
1.0740675321467699	3.2988196369499185	5.548457436479676	-2.145294593164032	
1.061592967157051	6.620341039953663	8.540484242780401	-5.005257638953753	
5.229241636073039	5.231599881005119	12.081458313151693	0.316270786126417	
7.187240904012018	6.96075639318074	14.415017725106924	0.5113863960358587	
1.4413106954666266	6.976021595241925	9.93315517740189	-5.5329817402701025	
8.652389564340186	2.0222931249687637	11.926195825512817	7.418726682258653	
8.350011152854021	4.646856979872741	13.06171768150169	3.965594043097746	
3.8952634075624646	6.84793114252631	12.160562749421985	-2.720413608893418	
6.451172205133655	4.913812119324008	12.823435067099748	2.1669778951268714	
9.211515509183512	2.741870732905552	13.72818366418409	7.3386475272204095	
4.163490613636085	7.635626665737932	11.965722277053661	-2.6797194078664304	
5.215319124634187	6.474616278784631	13.611637448521185	-1.1172770059186217	
9.606789333904521	7.235751727320713	17.840887808319337	2.696957397853917	
7.138898311383631	7.116356104352188	15.284601056269999	0.11738502957453523	
2.908172160584374	7.9680405882907435	11.000823660527669	-4.4286789249461656	
3.911905328773343	6.397075726728918	11.385182997339827	-2.0181733495814673	
6.102475082839413	7.720893615054487	15.582770854267002	-1.0247796139393976	
8.212050020454743	3.9918413636778847	13.479160566607076	4.323830628392008	
7.943425942186122	2.508290768369422	12.14631901850636	6.148768045031384	
2.9283885636064393	4.629693163509149	8.698280104355105	-1.1432797171321312	
7.191912886998212	5.296153567860098	13.871794065070336	2.6089834583229914	
3.728676186315682	5.424582906866715	9.288771901495371	-1.6798318078913075	
8.197773684959447	2.3124692580944237	11.280191846103664	6.7582355270806085	
9.672191974907703	7.326796048634705	17.355240903274208	3.2667372270438646	
2.841507259434641	5.489618799068826	8.884812982177385	-2.045648317125293	
3.0594405737730628	6.093294235458756	10.33508597954118	-2.103971107605471	
2.152317029993687	7.187344246628859	10.434756511105572	-4.035726770001347	
8.960137759537933	3.675416513090659	13.988605510368133	5.358313930210009	
3.1688907087645015	4.844792809435992	9.660426896924035	-1.2768692053492379	
2.11088623439756	4.4223759401975204	6.939945474911256	-2.0504787415335284	
3.8593229812541385	6.7100754278848305	10.681211251887703	-2.6793853054966177	
9.123946944077245	3.998990225174809	15.05404587750612	5.619457919913875	
1.16658753380506	3.2957787262034106	4.485484373126901	-1.8634861052276803	
9.19851327106945	4.416082968494138	15.1847417510421	5.215137142002081	
8.495965191601947	4.708865009193497	15.14309562304908	4.047302149184143	
3.7758941462188362	6.0719929201310645	11.079175577434448	-2.1189103731374046	
5.210832953015374	5.503400451244538	11.660495068861673	0.6256420266235841	
6.830011484702332	7.20362975685357	15.473676702138812	0.03853079123545433	
2.9532220923575103	4.2045476242931725	7.638655897985572	-0.7453147420541841	
6.734619934077549	6.645513297178174	13.666265364837434	0.3652616383174213	
1.855549379228648	2.15225996426339	5.143946777092734	0.07904192167746815	
6.8986518594033175	7.295232825931511	16.10093384615197	0.19817560889198804	
7.959930190026769	3.8131166919438417	13.452114636057454	4.714295085149525	
2.611099107032604	7.183765457881113	11.74886700912512	-4.219749639683943	
